
%{
U1 = 2;
U2 = 4;
R1 = 11;
R2 = 15;
L1 = 100 * 10^-3;
L2 = 85 * 10^-3;
C1 = 220 * 10^-6;
C2 = 95 * 10^-6;
f = 80;
%}
%{
U1 = 3;
U2 = 5;
R1 = 12;
R2 = 14;
L1 = 120 * 10^-3;
L2 = 100 * 10^-3;
C1 = 200 * 10^-6;
C2 = 105 * 10^-6;
f = 70;
%}
